H: 0.68722011712 0.843480466768 0.649534170968
E: 0.379738267148 0.803724928367 0.480315998647
C: 0.882290996314 0.616608062802 0.486061760551
Q: 0.702263293141
