H: 0.712291306851 0.837677725118 0.671042317143
E: 0.38193877551 0.803908934708 0.47445222561
C: 0.878864208839 0.621739834764 0.488973342161
Q: 0.704329025362
