H: 0.693893071716 0.847010768659 0.660534389841
E: 0.43427741467 0.777128005198 0.503490443456
C: 0.865178294574 0.629927303924 0.485510853055
Q: 0.710331415175
