H: 0.660807247651 0.858347238079 0.635138695474
E: 0.391136801541 0.762775551102 0.476261885299
C: 0.879764691758 0.614352783367 0.478144508861
Q: 0.700267618198
