H: 0.666713671297 0.834745762712 0.632547540312
E: 0.407515387107 0.798392214935 0.492888881176
C: 0.871873525248 0.607205948811 0.467969264198
Q: 0.693385483711
