H: 0.12697209783 0.881818181818 0.254551326086
E: 0.0139891696751 0.849315068493 0.0917005772277
C: 0.985900661089 0.440736478711 0.15400513346
Q: 0.464988139949
