H: 0.132196315486 0.838812785388 0.25125983711
E: 0.0333673469388 0.867374005305 0.14205536754
C: 0.980421341882 0.443713241962 0.151904111879
Q: 0.468613351472
