H: 0.13324207164 0.907772020725 0.272056862686
E: 0.0213023480997 0.768558951965 0.103710847266
C: 0.987410852713 0.45006642734 0.167463052748
Q: 0.475543478261
