H: 0.124738016361 0.89519650655 0.251776556663
E: 0.018368657675 0.694174757282 0.090311073882
C: 0.984813013986 0.443789223112 0.156810341175
Q: 0.468816108067
