H: 0.105971938236 0.860824742268 0.226975919791
E: 0.0133894827772 0.861111111111 0.0899063641716
C: 0.986845210005 0.43445177375 0.135422502139
Q: 0.454401425884
