H: 0.129107819497 0.881467544685 0.256682612849
E: 0.0146660649819 0.844155844156 0.0934177927394
C: 0.985549640204 0.441087138668 0.155329714233
Q: 0.465754101601
