H: 0.135434657455 0.839429081178 0.254707888883
E: 0.0338775510204 0.878306878307 0.144716620519
C: 0.980650332036 0.444427148194 0.155796782294
Q: 0.469925177339
