H: 0.136436230892 0.90835443038 0.275672014773
E: 0.0217864923747 0.779220779221 0.106190510104
C: 0.987410852713 0.45066515709 0.170399798284
Q: 0.476768968457
