H: 0.126157798661 0.898411169957 0.254374630476
E: 0.0187540141297 0.708737864078 0.092964017109
C: 0.985293234888 0.444197878329 0.159552270575
Q: 0.469631706385
