H: 0.107523091024 0.860124083474 0.228489578535
E: 0.014145340676 0.873333333333 0.0935422245175
C: 0.986845210005 0.434824422322 0.13757549604
Q: 0.455119318744
