H: 0.801962126397 0.639594832292 0.536676565949
E: 0.744371822803 0.473988439306 0.445372166866
C: 0.408930232558 0.816695566014 0.409378495903
Q: 0.620444373402
