H: 0.808329389494 0.643972853603 0.522131582806
E: 0.684264611432 0.461252056455 0.425652125582
C: 0.434179722672 0.793092105263 0.410265789977
Q: 0.624850261246
