H: 0.651257552339 0.869606003752 0.643037875713
E: 0.505538985939 0.824530924253 0.568324115831
C: 0.88455052536 0.602811173975 0.49923754273
Q: 0.708350409836
