H: 0.758184628355 0.653506116023 0.513934980461
E: 0.731146144014 0.523330283623 0.470777750413
C: 0.460370994941 0.754303931987 0.414300152578
Q: 0.634067622951
