H: 0.784154323114 0.644361413043 0.524273654056
E: 0.70588898917 0.48556573025 0.440488784783
C: 0.460071374247 0.792582140697 0.427179888301
Q: 0.630139355604
