H: 0.814622913069 0.609848076716 0.521779776489
E: 0.68887755102 0.519547483454 0.448856205169
C: 0.443439432104 0.80620316403 0.426313229965
Q: 0.62717422991
