H: 0.804554748643 0.625157508355 0.521300266183
E: 0.699492495411 0.500463535229 0.443031902987
C: 0.430804624823 0.793890640287 0.411795965038
Q: 0.623626101594
