H: 0.694109541853 0.848349612664 0.658017290319
E: 0.391809566787 0.808614668219 0.491205669094
C: 0.885859708653 0.623101929962 0.498258347348
Q: 0.708885155169
