H: 0.72085492228 0.839085273915 0.677806355632
E: 0.390306122449 0.804416403785 0.480551823622
C: 0.879150446531 0.627559151649 0.497802924068
Q: 0.709333398115
