H: 0.702030572667 0.850783410138 0.668932097132
E: 0.445654805132 0.783071033603 0.514189398259
C: 0.867968992248 0.636644832606 0.497313559602
Q: 0.716885123615
