H: 0.668311811237 0.863771408598 0.644561230185
E: 0.400642260758 0.762032738822 0.482305961586
C: 0.882946155231 0.620685289898 0.489951612479
Q: 0.706333630687
