H: 0.67334132412 0.838970394448 0.640225910242
E: 0.420149011986 0.801772099732 0.503270265338
C: 0.874056158565 0.613286423841 0.478650044597
Q: 0.699524705416
